lago=[[274,	681],
[244,	629],
[226,	578],
[214,	527],
[209,	470],
[226,	425],
[225,	394],
[216,	367],
[214,	314],
[210,	264],
[198,	211],
[176,	190],
[160,	165],
[152,	141],
[156,	115],
[169,	92],
[191,	79],
[242,	69],
[305,	71],
[367,	116],
[415,	172],
[447,	211],
[468,	249],
[457,	300],
[451,	356],
[484,	397],
[521,	456],
[535	,520],
[513,580],
[483,	613],
[437,	645],
[385,	672],
[317,	687]]
--------------------------------------------------------------------------------------------
>>> Estimativa= 152503.65+/-681.62062
Dev. padrão=1456.40948
Agulhas=10000
-----------------------------
(152503.65, 1456.4094760204305)

1m=138px
(8,00 +/- 0.01)m^2

