vasco=[[362,	181],
[839,	181],
[757,	268],
[702,	358],
[666,	458],
[650,	522],
[650,	549],
[689,	547],
[754,	531],
[839,	497],
[912,	455],
[959	,419],
[989	,388],
[1019,	357],
[1019,	838],
[973,	793],
[886,	726],
[774,	671],
[685,	648],
[649,	648],
[652,	687],
[669,	755],
[727,	884],
[761,	935],
[798,	977],
[842,	1019],
[362,	1018],
[382,	994],
[434,	943],
[465,	897],
[507,	823],
[532,	753],
[549,	689],
[551,	648],
[522,	650],
[460,	664],
[378,	693],
[311,	728],
[242,	780],
[181,	839],
[181,	361],
[203,	381],
[259,	434],
[323,477],
[410,	519],
[506,	548],
[552,	552],
[549,	514],
[534,	454],
[513,	394],
[440,	263],
[378,	198],
[362,	181]]